01010208
06788287
19648110
28495364
37808594
56806035
81116759
01049190
06836127
19771678
28495405
37866005
60159984
81346677
01050957
06842045
20001207
28495438
37912740
60711712
83420411
01064065
06866168
20003700
28495564
37916971
61410424
84036974
01068720
06950548
20009557
28495644
37969316
61635458
84344563
01068753
06961313
20027786
28645365
38342593
62279404
85905296
01068844
06987200
20152790
28884833
39819966
62279415
86201316
01189862
07235792
20345417
29029801
39841424
62324784
86465720
01382538
07282717
21030061
29036720
40258196
62547259
86878444
01451656
08174239
21030094
29040361
40375520
62965848
87513504
01627953
08328449
21030118
29042175
42286617
63626510
87661138
01681222
08566045
21204943
29059513
42810690
63800761
87661150
02263080
08683092
21209528
29086457
42884688
63805915
87661161
02379637
09201901
21338045
29183810
43418189
63886548
87661172
02392703
09322747
21351004
29213484
44139996
63886559
87661183
02815840
09645070
21353175
29214533
44515618
64478181
87661207
02849281
09681929
21353335
29589718
44849616
64941159
87710461
02851059
09701917
22611298
31178065
44861264
65010463
87741942
03038099
09893349
22761735
31245738
44888436
65817253
87857884
03256232
09893418
23440749
31458451
44958180
66013505
88015536
03391394
09911352
23920870
31608112
45302874
66337061
88270171
03401249
10699813
24246911
31608123
46111136
66539327
88897383
03414654
10703999
24246944
31629975
47128182
67334480
90200249
03688519
10746707
24246966
31646744
47662180
67350937
90207155
03701377
10769044
24247013
31866616
47880388
67370338
90212232
03704917
12348087
24247057
31866627
48626018
67389271
90250694
03762598
13174951
24257492
31906829
48680060
67548444
90276713
04052546
13385729
24257506
31946918
48964826
67788116
90338426
04780990
14066582
24257517
32000187
49005902
68286805
90404860
04894715
14150158
25464828
32064004
49556573
68518946
90671277
05106929
15005416
25929874
32649976
52065405
69224420
90899481
05107691
15025808
26125562
33269764
52702929
72420704
92101232
05108022
15087927
26473029
33403814
52717470
74089216
92197094
05110801
15141364
26883105
33469653
52738475
75509193
90261506
05115806
15186676
27151135
33480226
52738486
75662184
92658081
05149156
15197214
27225872
34217193
52742028
75932959
95230337
05152469
15250094
28143238
34239086
52822456
76091373
98008696
05187448
15441926
28494682
34364261
52900064
76195130
98008709
05496293
15451428
28494756
34364283
52998038
76221392
98009072
05511668
16716004
28494795
34364294
53149588
76291644
98093144
05513897
16758885
28495148
34687999
54303511
76530682
98096568
05531980
16858459
28495187
35069028
54745587
76533878
98097240
05992524
18477668
28495239
35305796
55403979
76579098
98098070
06101282
18484827
28495267
35425854
55422654
76621410
98516054
06189403
18484877
28495295
37038284
55423519
76645624
98705576
06768471
18626026
28495342
37253715
55521346
77188587
99011352