01064065
01627953
01681222
02379637
03701377
07235792
08270878
09322747
13174962
13385729
14066582
15087927
15141364
15186676
15197214
15250094
16716004
18477668
18484827
18484877
18626026
18645029
20345417
21204943
26125562
28143238
29029801
29036720
29059513
29086457
29139336
29214533
31608112
32064004
34217193
34239086
34364283
34364294
37916971
39892693
42884688
44861264
44888436
47009510
47042806
48626018
49005902
52717470
52738475
52742028
53149588
55423519
61635458
62279404
63800761
63886548
66337061
67334480
67350937
67545123
72305544
75932959
87108525
87661138
87661183
87661207
87741942
88270171
90276713
98705576
99011352