01104
01203
01302
01402
11101
11102
11103
11104
11113
11114
11123
11124
11132
11133
11182
11183
11184
11193
11194
11211
11212
11213
11214
11222
11223
11232
11233
11282
11283
11293
11294
11302
11312
11322
11333
11342
11393
11394
11401
11402
11412
11422
11423
11424
11493
11494
11501
11502
11512
11522
11582
11593
11594
11602
11603
11604
11693
11694
11711
11712
11713
11714
11722
11723
11724
11732
11742
11793
11794
12101
12102
12103
12104
12112
12113
12122
12123
12132
12133
12142
12143
12144
12193
12194
12202
12203
12293
12294
21111
21112
21113
21114
21122
21123
21124
21193
21194
21201
21212
21213
21222
21223
21232
21233
21293
21311
21312
21313
21322
21323
21332
21342
21352
21362
21363
21393
21411
21412
21413
21422
21423
21493
22101
22102
22103
22104
22112
22182
22183
22184
22193
22201
22202
22203
22204
22212
22222
22293
22301
22302
22303
22304
22312
22322
22332
22333
22342
22343
22352
22382
22393
22394
23101
23112
23113
23114
23122
23123
23124
23193
23212
23213
23222
23223
23224
23282
23293
23294
23312
23313
23314
23322
23393
23411
23412
23413
23414
23422
23423
23493
24101
24112
24113
24114
24122
24123
24124
24132
24133
24134
24142
24193
24201
24202
24203
24212
24222
24232
24233
24243
24244
24293
24301
24302
24303
24304
24382
24393
24411
24412
24413
24414
24422
24423
24424
24432
24493
24511
24512
24513
24514
24522
24523
24524
24532
24533
24593
25101
25102
25103
25104
25112
25122
25131
25132
25133
25134
25182
25183
25184
25193
25194
25201
25212
25213
25214
25222
25223
25224
25232
25233
25234
25242
25243
25244
25252
25253
25254
25293
25294
26112
26113
26114
26122
26123
26124
26193
26212
26222
26223
26232
26233
26234
26242
26243
26244
26252
26253
26262
26263
26264
26293
26301
26302
26303
26304
26312
26313
26314
26322
26323
26324
26332
26333
26334
26382
26383
26384
26393
27103
27104
27182
27183
27184
27194
27212
27223
27224
27232
27282
27283
27284
27293
27294
27302
27303
27304
27312
27313
27314
27393
27394
28101
28102
28103
28104
28112
28113
28114
28122
28123
28132
28133
28142
28143
28193
28194
28212
28213
28214
28221
28222
28223
28224
28232
28242
28293
28294
28301
28312
28313
28314
28322
28332
28333
28342
28343
28393
28394
29102
29103
29104
29112
29113
29114
29122
29123
29132
29133
29134
29142
29143
29152
29193
29194
29201
29202
29203
29204
29212
29213
29222
29223
29232
29233
29242
29243
29252
29253
29262
29263
29272
29273
29282
29283
29284
29293
29294
29301
29302
29312
29322
29382
29393
29394
31102
31103
31104
31114
31124
31132
31133
31134
31142
31143
31144
31152
31153
31154
31163
31164
31173
31174
31193
31194
31212
31213
31214
31222
31223
31224
32101
32102
32103
32104
32112
32113
32122
32123
32132
32142
32152
32162
32172
32193
32201
32202
32203
32204
32212
32222
32223
32224
32232
32233
32242
32243
32252
32253
32262
32263
32264
32293
33101
33102
33112
33122
33132
33133
33193
33211
33212
33213
33222
33223
33232
33233
33242
33243
33293
33301
33302
33303
33312
33322
33323
33332
33342
33352
33393
34102
34103
34104
34112
34193
34201
34202
34203
34212
34213
34214
34222
34232
34233
34234
34293
34301
34302
34303
34304
34312
34313
34314
34322
34323
34324
34332
34333
34334
34342
34343
34344
34393
41103
41104
41114
41184
41194
41203
41204
41212
41213
41214
41222
41234
41244
41254
41264
41274
41283
41284
41293
41294
41303
41304
41311
41312
41313
41314
41322
41323
41324
41333
41343
41383
41384
41393
41394
41403
41404
41412
41413
41414
41422
41423
41424
41432
41433
41434
41482
41483
41484
41493
41494
42112
42113
42114
42124
42134
42142
42143
42144
42202
42203
42204
42212
42283
42293
42312
42313
42314
42323
42324
42333
42334
42394
43102
43103
43104
43112
43113
43114
43122
43123
43124
43134
43144
43152
43153
43154
43194
43214
43223
43224
43233
43294
43313
43314
43323
43333
43343
43353
43363
43383
43384
43394
43412
43413
43414
43423
43494
51112
51113
51122
51123
51132
51133
51134
51182
51183
51193
51212
51222
51223
51224
51233
51234
51242
51243
51293
51311
51312
51321
51322
51332
51393
51394
51412
51422
51432
51493
51503
51504
51512
51513
51522
51523
51532
51533
51534
51543
51583
51593
51594
51613
51614
51622
51623
51624
51632
51633
51642
51643
51652
51653
51662
51663
51694
52112
52122
52132
52182
52202
52313
52314
52383
52384
52413
52414
52422
52423
52512
52522
52531
52532
52593
53111
53112
53122
53123
53124
53132
53133
53134
53142
53152
53162
53182
53183
53184
53193
53194
53212
53213
53214
53222
53223
53224
53232
53233
53241
53242
53243
53244
53312
53313
53314
53322
53323
53332
53333
53342
53393
53394
54101
54112
54113
54122
54132
54142
54152
54182
54193
61112
61113
61122
61123
61124
61132
61133
61142
61152
61162
61194
61203
61204
61212
61213
61214
61282
61283
61284
61294
61312
61313
61314
61323
61394
62101
62102
62103
62112
62122
62182
62183
62193
62194
62212
62222
62232
62242
62252
62262
62272
62282
62301
62302
62312
62322
62382
62412
62422
62512
62513
62514
62522
62532
63112
63113
63114
63122
63123
63124
63132
63142
63143
63194
63212
63213
63221
63222
63293
63294
63301
63302
63303
63312
63313
63322
63382
63383
63393
63394
63401
63402
63403
63404
71104
71214
71224
71234
71302
71303
71304
71314
71324
71333
71382
71383
71384
71393
71394
71401
71402
71403
71412
71413
71423
71424
71432
71433
71442
71452
71493
71512
71513
71514
71522
71523
71524
71594
72112
72113
72122
72123
72124
72132
72133
72134
72144
72182
72183
72184
72194
72212
72213
72214
72223
72224
72233
72234
72243
72244
72294
72302
72303
72304
73104
73112
73113
73124
73134
73144
73154
73162
73163
73164
73183
73184
73194
73201
73202
73203
73204
73212
73213
73214
73222
73223
73224
73231
73232
73233
73234
73241
73242
73243
73244
73252
73253
73254
73282
73283
73284
73293
73294
73312
73313
73314
73322
73323
73324
73332
73333
73334
73342
73394
81102
81103
81112
81113
81122
81132
81142
81143
81182
81183
81212
81213
81214
81222
81223
81224
81232
81233
81234
81242
81243
81294
81301
81302
81313
81323
81332
81333
81341
81342
81343
81352
81353
81382
81383
81393
81394
81404
81414
81424
81434
81444
81454
81464
81474
81484
81494
81504
81514
81524
81532
81584
81594
81614
81623
81624
81634
81712
81713
81714
81722
81723
81724
81733
81734
81743
81744
81752
81753
81762
81763
81764
81782
81783
81784
81794
81804
81814
81822
81883
81884
81894
82101
82102
82103
82182
82183
82194
82212
82213
82214
82222
82223
82232
82233
82243
82283
82284
82311
82312
82322
82332
82342
82343
82393
82402
82403
82493
82494
82502
82503
82504
82512
82513
82514
82522
82523
82524
82532
82533
82534
82542
82593
82594
83111
83112
83123
83124
83131
83132
83133
83134
83142
83143
83154
83193
83194
83211
83212
83213
83223
83293
83314
83322
83323
83332
83333
83382
83383
83384
83394
84114
84124
84134
84144
84183
84184
84194
84213
84214
84223
84224
84294
84304
84394
84404
84412
84413
84414
84424
84434
84444
84454
84483
84484
84494
84503
84504
84513
84523
84533
84543
84553
84583
91104
91114
91124
91134
91144
91154
91164
91174
91184
91214
91224
91233
91234
91244
91254
91264
91314
91324
91334
91341
91342
91343
91344
91354
91384
91404
91484
92112
92113
92114
92122
92123
92133
92194
92203
92204
92294
92302
92303
92304
92382
92383
92384
92394
92412
92413
92414
92424
92434
92494
93102
93103
93104
93212
93213
93214
93222
93223
93232
93233
93293
93302
93303
93304
93312
93313
93323
93332
93333
93342
93343
93352
93382
93383
93393
93412
93413
93422
93432
93433
93493
93512
93513
93522
93523
93524
93532
93542
93593
93602
93603
93604
93612
93613
93622
93623
93632
93633
93642
93643
93652
93653
93682
93683
93693
94114
94124
94134
94144
94183
94184
94214
94224
94232
94243
94252
94283
94303
94313
94323
94334
94342
94383
94402
94403
94404
94413
94414
94482
94483
94484
94493
94494
94512
94513
94514
94522
94523
94532
94533
94534
94582
94593
94612
94613
94614
94622
94623
94693
94704
94712
94713
94714
94724
94794