011
163
252
346
462
602
704
792
871
012
164
261
351
463
603
705
793
872
021
171
262
352
464
604
706
794
873
022
172
263
353
465
605
711
801
874
031
173
270
354
466
606
712
802
875
032
174
271
355
470
607
713
803
876
041
175
272
356
471
611
714
804
877
042
176
273
357
472
612
715
805
881
043
177
274
361
481
621
716
811
882
044
181
275
362
482
622
721
812
883
051
182
281
371
483
623
722
813
888
052
183
282
372
484
624
723
814
891
053
184
283
373
485
625
724
821
892
061
191
284
374
486
626
725
822
893
062
192
285
375
491
627
726
823
901
071
193
286
376
492
628
731
831
902
072
201
291
377
501
629
732
832
911
081
202
301
378
502
631
733
833
912
082
203
302
391
503
632
734
834
913
083
211
303
392
504
633
741
835
921
091
212
304
401
511
634
742
836
922
101
213
305
402
512
635
743
837
923
102
221
306
403
513
666
744
838
924
111
222
311
411
514
681
751
841
931
112
223
312
412
521
682
752
842
932
121
224
313
421
522
683
753
843
933
131
225
314
422
531
684
761
844
934
132
226
315
423
541
685
762
851
935
133
231
321
424
542
686
763
852
936
134
232
322
431
543
687
771
853
937
135
233
323
432
544
688
772
854
971
141
234
331
433
545
691
773
855
981
142
235
332
441
546
692
774
856
982
143
241
341
442
547
693
781
857
983
144
242
342
451
548
694
782
861
991
151
243
343
452
549
701
783
862
995
161
244
344
453
555
702
784
863
997
162
251
345
461
601
703
791
864