000
121
122
123
124
125
126
126
127
128
129
130
131
134
135
136
137
139
140
141
142
143
144
145
146
147
148
149
150
151
152
153
154
155
156
157
158
160
161
163
164
165
166
167
168
169
170
181
221
223
224
225
226
227
229
230
231
232
233
236
237
238
239
242
243
244
245
246
247
248
249
251
252
253
254
255
256
257
258
259
261
262
263
265
267
268
269
271
272
273
274
277
278
281
282
283
284
285
286
287
289
291
320
322
323
324
326
327
328
330
332
333
334
335
336
337
340
345
346
347
348
349
351
353
354
355
357
359
361
364
365
366
367
368
369
370
371
421
422
423
424
425
426
427
429
430
431
432
434
436
437
438
439
441
442
444
445
446
447
448
449
450
451
454
456
457
458
460
461
462
465
467
469
470
471
472
474
475
476
477
479
482
483
459
523
524
525
526
527
530
531
532
533
536
537
538
540
541
543
544
545
996
997
998
999
132
133
138
195
199
276
295
299
395
399
495
499
595
599